Output from min_iterations (or get_address_quantiles excluding the last collumn):

low = 0.6
high = 0.8

    STA  Low Quantile  High Quantile  min_iters
0     0       19280.0        21416.0          2
1     1       13960.0        16117.0          1
2     2       25591.0        27697.0          3
3     3       14297.0        16845.0          1
4     4       20840.0        22600.0          2
5     5       14202.2        17199.0          1
6     6       26191.4        28156.8          3
7     7       14688.4        17784.8          1
8     8       20917.6        22967.4          2
9     9       20618.8        23088.2          2
10   10       30842.4        32661.2          4
11   11       33977.6        36011.8          5
12   12       14721.8        16108.0          1
13   13       13842.0        16722.8          1
14   14       13869.6        16800.6          1
15   15       15013.2        17097.8          1
16   16       15319.4        16950.0          1
17   17       14270.4        16767.4          1
18   18       25518.8        27013.2          3
19   19       15579.0        17047.8          1


Output from iterations:

2, 1, 3, 1, 2, 1, 3, 1, 2, 2, 4, 5, 1, 1, 1, 1, 1, 1, 3, 1